V1 = [0.51730233, 0.83664489, 0.78297846, 0.79853083, 0.7889545 ...
       0.84184836, 0.85707108, 0.85987781, 0.8793991 , 0.87650216...
       0.85698242, 0.86730825, 0.87141758, 0.86986887, 0.85534941...
       0.86493664, 0.87903543, 0.88790816, 0.87667014, 0.88592759...
       0.88281299, 0.87467483, 0.87766589, 0.88735876, 0.88652117...
       0.88030964, 0.88903675, 0.87750498, 0.87533581, 0.87306853...
       0.88547121];
C1 = [0.        , 0.08456667, 0.00551667, 0.34106241, 0.29818878...
       0.55768875, 0.59609884, 0.61839479, 0.6392002 , 0.65462405...
       0.67489608, 0.66639159, 0.68135737, 0.67247854, 0.68928113...
       0.7112103 , 0.6838117 , 0.67999625, 0.69056232, 0.67752243...
       0.69243656, 0.70436208, 0.68838264, 0.69837218, 0.69203882...
       0.70040124, 0.68763683, 0.69973798, 0.71033133, 0.69570869...
       0.72390292];