V1 = [0.51911896, 0.63203175, 0.66730797, 0.86908746, 0.81465901...
       0.81670436, 0.82485594, 0.83241713, 0.83890965, 0.8444875 ...
       0.84699636, 0.85572328, 0.84817218, 0.86300311, 0.85509089...
       0.85339527, 0.85683064, 0.85438285, 0.85336232, 0.85266052...
       0.86144078, 0.86565755, 0.85165156, 0.86729836, 0.87016035...
       0.86625435, 0.85749143, 0.85047928, 0.85800941, 0.87002266...
       0.87212717, 0.87206273, 0.86433068, 0.86974736, 0.86157483...
       0.85618238, 0.86311451, 0.86529504, 0.86244263, 0.86345593...
       0.86650193];
C1 = [0.        , 0.01858722, 0.00634333, 0.09158367, 0.17595421...
       0.26918714, 0.4862709 , 0.55111647, 0.62373614, 0.59992957...
       0.61809024, 0.63642071, 0.68596563, 0.66289251, 0.67185829...
       0.68359728, 0.67320296, 0.67630985, 0.66176144, 0.67083141...
       0.68622496, 0.69111587, 0.68168095, 0.6635409 , 0.69050557...
       0.66303185, 0.67664947, 0.67895404, 0.66250663, 0.67623015...
       0.67563406, 0.6762343 , 0.6668453 , 0.69031165, 0.66438342...
       0.66047322, 0.65729855, 0.67451981, 0.66827921, 0.66626562...
       0.6650083 ];