V2 = [0.98317157, 0.98014269, 0.98303164, 0.96754211, 0.9523894 ...
       0.93653799, 0.91706607, 0.91005066, 0.89979411, 0.87802413...
       0.89380151, 0.87202016, 0.86320711, 0.86055374, 0.84868832...
       0.8473941 , 0.86958006, 0.8491285 , 0.85840213, 0.8348761 ...
       0.85038179, 0.8507987 , 0.81472628, 0.82923713, 0.82889814...
       0.79658466, 0.76076556, 0.73358803, 0.68611525, 0.74780574...
       0.75929535];
C2 = [0.54167665, 0.55031421, 0.56965935, 0.6095992 , 0.64031235...
       0.67113719, 0.68305334, 0.69310179, 0.69928176, 0.69090576...
       0.68294032, 0.69868271, 0.66091665, 0.64007209, 0.6173899 ...
       0.49657868, 0.53195725, 0.60187668, 0.43496139, 0.46483871...
       0.38331376, 0.34359371, 0.36588312, 0.32729578, 0.25117346...
       0.1844382 , 0.10405866, 0.15281683, 0.049981  , 0.16576028...
       0.        ];