V2 = [0.9818583 , 0.97986817, 0.97409246, 0.96156742, 0.95689721...
       0.94193002, 0.9302321 , 0.92455768, 0.91273961, 0.91901914...
       0.91412113, 0.89782352, 0.89842582, 0.8958892 , 0.89112064...
       0.88600678, 0.89778561, 0.89252388, 0.88802765, 0.89467254...
       0.89169344, 0.89401627, 0.88945828, 0.88624722, 0.87277069...
       0.88443981, 0.882076  , 0.87226833, 0.8730638 , 0.87553393...
       0.87756163, 0.87043749, 0.87694476, 0.86990262, 0.88281303...
       0.87025741, 0.87218805, 0.87870417, 0.8813148 , 0.87860188...
       0.88320486];
C2 = [0.54919266, 0.56476886, 0.57980774, 0.60876322, 0.62050785...
       0.64150831, 0.66482344, 0.67407843, 0.69186778, 0.69685047...
       0.70241935, 0.71276687, 0.71388578, 0.7276016 , 0.71718857...
       0.72543166, 0.73352777, 0.72282714, 0.73620728, 0.72102851...
       0.71352551, 0.71806907, 0.72191766, 0.71937784, 0.7244484 ...
       0.72585709, 0.71378779, 0.73113427, 0.71883941, 0.71216128...
       0.71155689, 0.71572623, 0.7128186 , 0.70088102, 0.7009754 ...
       0.72170561, 0.70171645, 0.68908528, 0.70184506, 0.69512963...
       0.68796963];